-2030 -2134 -1970 -1861 -1985 -1896 -1843 -1745 -1688 -1921 -1896 -1759 -1845 -1871 -1940 -1978 -1950 -1904 -1880 -1812 -1782 -1832 -1847 -1841 -1916 -2012 -2079 -2129 -2080 -2086 -2203 -2282 -2325 -2074 -2036 -1942 -1995 -2015 -2008 -2004 -1917 -1959 -1905 -1913 -1933 -1882 -1842 -1851 -1983 -1982 -2124 -2111 -2004 -2014 -2048 -1932 -1753 -1654 -1656 -1897 -1984 -1917 -1869 -1954 -2080 -2092 -2005 -1888 -1929 -2031 -1924 -1827
-1954 -2057 -1958 -1951 -2032 -1981 -1958 -1997 -1855 -1914 -1894 -1944 -1933 -1870 -1862 -1859 -1917 -1957 -1987 -2069 -1982 -1855 -1789 -1785 -1813 -1844 -1934 -2072 -2054 -1886 -2024 -2080 -2197 -2085 -2006 -1968 -1974 -2004 -1940 -2046 -1962 -1900 -1923 -1718 -1848 -1921 -1852 -1849 -2073 -2077 -2293 -2361 -2254 -2053 -2017 -1874 -1662 -1653 -1661 -1904 -1878 -1672 -1795 -1906 -1934 -1966 -2058 -1972 -2074 -2041 -1935 -1855
-2054 -2071 -1989 -1959 -1975 -2000 -2057 -2006 -1888 -1759 -1890 -1990 -1972 -1890 -1801 -1800 -1891 -1952 -1946 -1968 -2005 -1988 -2022 -1941 -1862 -1791 -1782 -1813 -1873 -1813 -1853 -1972 -2113 -2004 -1956 -1999 -2064 -2007 -1953 -1866 -1907 -1877 -1848 -1881 -1944 -1962 -1880 -1836 -2068 -2205 -2374 -2373 -2266 -2042 -1973 -1830 -1634 -1705 -1849 -2050 -1928 -1678 -1846 -1993 -1901 -1898 -1939 -2104 -2197 -2094 -1981 -1895
-2041 -2078 -2085 -2120 -2083 -2081 -2032 -2015 -2042 -1846 -1856 -1894 -1848 -1914 -1809 -1840 -1879 -1898 -1930 -1976 -2007 -1944 -1886 -1941 -1969 -1976 -1942 -1871 -1807 -1803 -1841 -1871 -2004 -1922 -1922 -1995 -2007 -1995 -1982 -1916 -1888 -1845 -1802 -1838 -1875 -2009 -1864 -1799 -2088 -2298 -2348 -2260 -2113 -1992 -2057 -2006 -1821 -1952 -2134 -2067 -1882 -1711 -1925 -2010 -1933 -1831 -1955 -2164 -2213 -2175 -2143 -1938
-1951 -2020 -2078 -2095 -2086 -2014 -1886 -1993 -2057 -2065 -2039 -2078 -1994 -1945 -1840 -1840 -1820 -1796 -1785 -1826 -1947 -1988 -1954 -1870 -1817 -1913 -2014 -2002 -1996 -1927 -1877 -1798 -1777 -1815 -1847 -1946 -2022 -1961 -1896 -1882 -1848 -1860 -1889 -1668 -1439 -1970 -1857 -1901 -2082 -2205 -2256 -2121 -1927 -1920 -1998 -2004 -1920 -1857 -2118 -2090 -1946 -2004 -1922 -1920 -1928 -1921 -2017 -2204 -2209 -2191 -2101 -1845
-1873 -1874 -2013 -1945 -1882 -1850 -1905 -2072 -2036 -2124 -2129 -2091 -1918 -1897 -1796 -1815 -1785 -1746 -1699 -1737 -1767 -1866 -1977 -1957 -1933 -1781 -1779 -1961 -2037 -1977 -1967 -1963 -1934 -1887 -1826 -1785 -1803 -1845 -1870 -1957 -1847 -1820 -1894 -1890 -1871 -1975 -1887 -1944 -1938 -2069 -2076 -2040 -1976 -1848 -1846 -1805 -1721 -1801 -2105 -2077 -1959 -1971 -2010 -1945 -1948 -1935 -2081 -2166 -2133 -2106 -1961 -1939
-1923 -1890 -1809 -1922 -1910 -1819 -1884 -2121 -2072 -2127 -2126 -1983 -1762 -1885 -1775 -1784 -1776 -1762 -1664 -1664 -1692 -1776 -2033 -2203 -2146 -1939 -1838 -1870 -2088 -2012 -1787 -1792 -1923 -1979 -1964 -1930 -1885 -1829 -1783 -1797 -1840 -1798 -1879 -1882 -1966 -1976 -1962 -1942 -2097 -2014 -2071 -2207 -2258 -2089 -1861 -1708 -1649 -1850 -2107 -2117 -1984 -1965 -1918 -2045 -1965 -1961 -2122 -2171 -2174 -2064 -1993 -2057
-2002 -1895 -1978 -1925 -1944 -1912 -1835 -2012 -1901 -2038 -2050 -1826 -1702 -1874 -1767 -1754 -1758 -1746 -1681 -1670 -1667 -1736 -2083 -2112 -2069 -2153 -2053 -1890 -2132 -2091 -1834 -1780 -1713 -1710 -1714 -1888 -1953 -1924 -1983 -1901 -1846 -1808 -1776 -1845 -1860 -1978 -1992 -1927 -2200 -2258 -2253 -2286 -2276 -2114 -1964 -1765 -1777 -1972 -2084 -2097 -1979 -1950 -1949 -2028 -2007 -1897 -2140 -2174 -2175 -2121 -2149 -2134
-2041 -1941 -1987 -2106 -2195 -2151 -2071 -1944 -1816 -1814 -1760 -1675 -1831 -1885 -1802 -1821 -1896 -1838 -1783 -1775 -1795 -1839 -2106 -2057 -1975 -2079 -2062 -2166 -2167 -2111 -1978 -1920 -1828 -1696 -1688 -1863 -1984 -1917 -1867 -1873 -1908 -1969 -1974 -1900 -1859 -1796 -1842 -1867 -2014 -2183 -2039 -2080 -2153 -1920 -1822 -1686 -1690 -1846 -1986 -2070 -1982 -1945 -1907 -2039 -1908 -1985 -2154 -2195 -2381 -2211 -2134 -2139
-1935 -1940 -2028 -2191 -2248 -2196 -2114 -1883 -1679 -1792 -1838 -1839 -1927 -1877 -1963 -1873 -1954 -1922 -1901 -1983 -1976 -2027 -2228 -2342 -2293 -2100 -2128 -2254 -2215 -2204 -2203 -2260 -2171 -2042 -2060 -2001 -2059 -2060 -1958 -1862 -1884 -1818 -1875 -1848 -1947 -1971 -1880 -1860 -1804 -1786 -1828 -1883 -1943 -1846 -1807 -1744 -1685 -1716 -1875 -2094 -2055 -1951 -1924 -1929 -1849 -1899 -2158 -2233 -2524 -2320 -2214 -2129
-2022 -1975 -2021 -2170 -2181 -2180 -2153 -1984 -1775 -1871 -1958 -1996 -2009 -1908 -1926 -1953 -1896 -1885 -1895 -2003 -2015 -2065 -2016 -2075 -2211 -2038 -1990 -2134 -2199 -2186 -2222 -2350 -2300 -2261 -2156 -1998 -2001 -2003 -1914 -1839 -1886 -1827 -1873 -1885 -1862 -1998 -2034 -1965 -1959 -1947 -1905 -1851 -1788 -1795 -1812 -1785 -1779 -1803 -1862 -2047 -1907 -1839 -1903 -1928 -1958 -1952 -2136 -2207 -2325 -2199 -2169 -2078
-2017 -2003 -2054 -2166 -2166 -2169 -2166 -2157 -1988 -1985 -2093 -2125 -2095 -1836 -1912 -1905 -1874 -1874 -1902 -1907 -1907 -2040 -2044 -1969 -1982 -1907 -1799 -1925 -2010 -2088 -2163 -2341 -2375 -2316 -2216 -2093 -1989 -1944 -1984 -1921 -1825 -1724 -1846 -1889 -1867 -2090 -2046 -1944 -2033 -1927 -1966 -1945 -1937 -1917 -1874 -1831 -1787 -1790 -1845 -1908 -1961 -2023 -2070 -1910 -1845 -1887 -2202 -2205 -2174 -2091 -2094 -2075
-1970 -1963 -1991 -2102 -2151 -2161 -2154 -2215 -2141 -2129 -2141 -2108 -2070 -1877 -1984 -1913 -2029 -1946 -1898 -1843 -1759 -1966 -2094 -2128 -2130 -1935 -1892 -1987 -1927 -2008 -2192 -2282 -2308 -2245 -2015 -1843 -1836 -1974 -1923 -1887 -1957 -1839 -1913 -1910 -1928 -2142 -2050 -1992 -1913 -1875 -2064 -2116 -2042 -1933 -1908 -1944 -1981 -1946 -1884 -1852 -1840 -1826 -1840 -1847 -1857 -1861 -1938 -1959 -1963 -2011 -2071 -2049
-1905 -1884 -2016 -2131 -2135 -2006 -1973 -2179 -2125 -2083 -2146 -1913 -1908 -1974 -1960 -1935 -1919 -1951 -2065 -2054 -1948 -1923 -1931 -1997 -2305 -2061 -1811 -1971 -1984 -1950 -2005 -2166 -2175 -2116 -1908 -1768 -1882 -1950 -1936 -1938 -1969 -1835 -1916 -1906 -1901 -2145 -2202 -2031 -1828 -1838 -1988 -2052 -2082 -2019 -1932 -1849 -1911 -1985 -1985 -1907 -1849 -1858 -1840 -1867 -1888 -1869 -1830 -1815 -1809 -1823 -1836 -1849
-1913 -1876 -1971 -1956 -2052 -2123 -2081 -2056 -2018 -2093 -2095 -2040 -1977 -2015 -2011 -2013 -2040 -2077 -2047 -2042 -2006 -1996 -1956 -1943 -1992 -1896 -1866 -1980 -1999 -1923 -1920 -1971 -2041 -2015 -1961 -1949 -1963 -1968 -1959 -1971 -1923 -1949 -1992 -2022 -2054 -1972 -1974 -1977 -1945 -1961 -1954 -2002 -1986 -1980 -1965 -1930 -1883 -1918 -1897 -1897 -1936 -1934 -1967 -2062 -2160 -2240 -2112 -2044 -1925 -1915 -1868 -1877
-1985 -2003 -1995 -1902 -2100 -2100 -1965 -1927 -2079 -2245 -2258 -2026 -1983 -2113 -2197 -2196 -2138 -2107 -2189 -2261 -2199 -1967 -1794 -1868 -1778 -1827 -1917 -2081 -2040 -1890 -1905 -1973 -2059 -2077 -1955 -1923 -1956 -2100 -2019 -1883 -1898 -1990 -1813 -2012 -2034 -2009 -1904 -1983 -2032 -2034 -2024 -2097 -1932 -1983 -1980 -1841 -1900 -1857 -1926 -1875 -1928 -1931 -1917 -1966 -2005 -2084 -2032 -1982 -2042 -2046 -1915 -1912
-1969 -1994 -2212 -2205 -2077 -1954 -1859 -1865 -2028 -2054 -2014 -2129 -2152 -2208 -2207 -2175 -2179 -2167 -2236 -2262 -2265 -2156 -1887 -1749 -1795 -1824 -1839 -1852 -1847 -1834 -1896 -1929 -2082 -2001 -2008 -1973 -1960 -2092 -1998 -1846 -1859 -2077 -1933 -1921 -1967 -2038 -1934 -2060 -2041 -2073 -2012 -1976 -1892 -1871 -1974 -1867 -1888 -1872 -1875 -1910 -1934 -1929 -1998 -2101 -2077 -2045 -2005 -1982 -2000 -2052 -2039 -2025
-2011 -2069 -2303 -2251 -2166 -1963 -1896 -1959 -2021 -2216 -2308 -2359 -2214 -2209 -2199 -2163 -2227 -2174 -2149 -2207 -2214 -2083 -1888 -1773 -1815 -1813 -1816 -1824 -1861 -1861 -1892 -1922 -2020 -1890 -1927 -1947 -2113 -2146 -2004 -1848 -1777 -2045 -1960 -1966 -2008 -2016 -1974 -2058 -2087 -2139 -2153 -2125 -1945 -1914 -1910 -1851 -1868 -1956 -1901 -1926 -1921 -2006 -2054 -2100 -2077 -2114 -2114 -2079 -2058 -1995 -1977 -2036
-2012 -2101 -2297 -2110 -1875 -1800 -1773 -1775 -1899 -2083 -2296 -2293 -2207 -2215 -2157 -2133 -2180 -2178 -2154 -2062 -2003 -1955 -1967 -1825 -1819 -1879 -1967 -1989 -1953 -1947 -1930 -1909 -1722 -1806 -1914 -1965 -2154 -2155 -2015 -1876 -1827 -2067 -1972 -1918 -1957 -1934 -1897 -1901 -1965 -2098 -2122 -2077 -1972 -1944 -1894 -1895 -1899 -1860 -1870 -1861 -1870 -2105 -2143 -2123 -2071 -2142 -2169 -2164 -2163 -2168 -2066 -1894
-2038 -1975 -2176 -1931 -1815 -1792 -1807 -1818 -1959 -1936 -1903 -2101 -2141 -2179 -2072 -2050 -2094 -2158 -2191 -2062 -2058 -2147 -2140 -1918 -1847 -1920 -2069 -2171 -2101 -2136 -2042 -1796 -1567 -1877 -1945 -1971 -2146 -2145 -2036 -1961 -1892 -2063 -1963 -1857 -1943 -1950 -1896 -1945 -1900 -1947 -1972 -1937 -1905 -1893 -1900 -1917 -1926 -1881 -1888 -1914 -1924 -2094 -2144 -2147 -2117 -2169 -2206 -2215 -2196 -2206 -2071 -1831
-2164 -1827 -1818 -2087 -2060 -1810 -1961 -2110 -2015 -1936 -1855 -1839 -1967 -2045 -2058 -2004 -2066 -2095 -2086 -2172 -2188 -2111 -2105 -2125 -1988 -1999 -2135 -2185 -2185 -2263 -2204 -2002 -2096 -2155 -2175 -2217 -2171 -2153 -2103 -2076 -2063 -2016 -1943 -1944 -2006 -1977 -1996 -1965 -1996 -1850 -1963 -2022 -1996 -1974 -1968 -1996 -1925 -1823 -1782 -1842 -1984 -2039 -2089 -2130 -2165 -2176 -2176 -2203 -2185 -2164 -2060 -1944
-2099 -1958 -1802 -2110 -2201 -1886 -1900 -2029 -2101 -2080 -1992 -1954 -2042 -1909 -1903 -1967 -2025 -2106 -2215 -2273 -2253 -2087 -2117 -2101 -2174 -2245 -2295 -2283 -2283 -2288 -2294 -2241 -2277 -2264 -2240 -2275 -2159 -2203 -2154 -2094 -2056 -2038 -1985 -2056 -2022 -1987 -2046 -1996 -1979 -1984 -2021 -2057 -2000 -2004 -2000 -2014 -1918 -1879 -1844 -1888 -1945 -1965 -1989 -2013 -2026 -2039 -2059 -2096 -2079 -2065 -2011 -1851
-2004 -1874 -1790 -2198 -2247 -1924 -1984 -2094 -2233 -2289 -2267 -2271 -2140 -1891 -1861 -1877 -1902 -1985 -2132 -2241 -2216 -2068 -2105 -2140 -2236 -2286 -2304 -2303 -2329 -2360 -2329 -2304 -2349 -2315 -2267 -2238 -2119 -2189 -2187 -2161 -2114 -2057 -1970 -2070 -2058 -2043 -1996 -1956 -1993 -2047 -2042 -2024 -1969 -1986 -2007 -2052 -2000 -1922 -1843 -1872 -1938 -1969 -1972 -1980 -1988 -1988 -2010 -2020 -2038 -2047 -2054 -1829
-1845 -1871 -1860 -2215 -2366 -2085 -1913 -2088 -2349 -2431 -2401 -2295 -2144 -1880 -1876 -1870 -1900 -1964 -1965 -1957 -1935 -1984 -1990 -1978 -1991 -2119 -2238 -2287 -2315 -2303 -2307 -2307 -2299 -2329 -2314 -2257 -2096 -2160 -2194 -2194 -2111 -2079 -1976 -1991 -2074 -2063 -2142 -2047 -2023 -2032 -2031 -2026 -2039 -2033 -2079 -2084 -2032 -1940 -1880 -1877 -1923 -1974 -1968 -1976 -1980 -1974 -1996 -2019 -2043 -2050 -2050 -1869
-2030 -1917 -1904 -2111 -2296 -2111 -2052 -2232 -2408 -2463 -2431 -2348 -2114 -1870 -1861 -1912 -1920 -1920 -2043 -2168 -2002 -1925 -1926 -1906 -1931 -1987 -2028 -2148 -2312 -2324 -2291 -2283 -2315 -2372 -2359 -2288 -2091 -2125 -2159 -2158 -2111 -2098 -2066 -2037 -2011 -1972 -2084 -2057 -2057 -2086 -2060 -2045 -2046 -2046 -2099 -2064 -2045 -2029 -1982 -1926 -1994 -2044 -2014 -1989 -1994 -2017 -2009 -2013 -2038 -2055 -2080 -2009
-2067 -2090 -2177 -2101 -1982 -2061 -2116 -2200 -2313 -2336 -2310 -2277 -2073 -1898 -1866 -1918 -1953 -1878 -2071 -2073 -1908 -1883 -1910 -1937 -1963 -1964 -1967 -2029 -2015 -2077 -2126 -2093 -2227 -2354 -2328 -2220 -2088 -2134 -2151 -2144 -2125 -2173 -2157 -2007 -2003 -1967 -2013 -2007 -2029 -2035 -2038 -2046 -2051 -2022 -2060 -2039 -2041 -2058 -2012 -1939 -1979 -2029 -2024 -2001 -1972 -2020 -2040 -2005 -2018 -2046 -2034 -2037
-2026 -2158 -2245 -2137 -1942 -2138 -2207 -2275 -2286 -2287 -2251 -2211 -2081 -1914 -1896 -1954 -1909 -1876 -1943 -1918 -1925 -1958 -2088 -2089 -2026 -1976 -2029 -2047 -1945 -2031 -2113 -1976 -2067 -2293 -2285 -2205 -2089 -2147 -2149 -2154 -2126 -2161 -2101 -2000 -1986 -1993 -2060 -2095 -2028 -2008 -2028 -2031 -2026 -2046 -2071 -2058 -2030 -1967 -1935 -1887 -1986 -2040 -2049 -2026 -2013 -2030 -2058 -2047 -2051 -2063 -2041 -2045
-1981 -2138 -2227 -2209 -2145 -2200 -2253 -2285 -2249 -2247 -2212 -2206 -2070 -1921 -1963 -1916 -1924 -1926 -1919 -1960 -2064 -2116 -2168 -2172 -2084 -2096 -2097 -2050 -2013 -2019 -1914 -2056 -2016 -2050 -2056 -1969 -2068 -2153 -2147 -2133 -2099 -2099 -2068 -2014 -2009 -1979 -2020 -2075 -2016 -2050 -2059 -2029 -2050 -2072 -2109 -2109 -2081 -2026 -1954 -1939 -1981 -2039 -2044 -2053 -2050 -2070 -2077 -2074 -2073 -2059 -2049 -2024
-1945 -1988 -2114 -2215 -2205 -2212 -2199 -2185 -2206 -2199 -2170 -2225 -2054 -1922 -1978 -1910 -1875 -1866 -1975 -2069 -2125 -2191 -2188 -2142 -2033 -1995 -2075 -2093 -2047 -2034 -1990 -1975 -1953 -1981 -1999 -1863 -2044 -2118 -2145 -2121 -2061 -2073 -1995 -1974 -1996 -1937 -1943 -1998 -1985 -2027 -2048 -2025 -2023 -2046 -2053 -2074 -2086 -2026 -1979 -1928 -1988 -2062 -2066 -2065 -2071 -2071 -2090 -2097 -2092 -2088 -2077 -2065
-1903 -2015 -2085 -2097 -2113 -2138 -2116 -2024 -2133 -2144 -2119 -2082 -2020 -1904 -1967 -1919 -1870 -1844 -2039 -2118 -2138 -2210 -2242 -2131 -2056 -2141 -2182 -2099 -2038 -2122 -2071 -1977 -1969 -2041 -2062 -2040 -2057 -2135 -2129 -2116 -2052 -2018 -1997 -1954 -1934 -1922 -1923 -1958 -1962 -1999 -2040 -2011 -2022 -2048 -2026 -2037 -2079 -2064 -2041 -1945 -1967 -2066 -2069 -2063 -2056 -2083 -2114 -2102 -2099 -2078 -2077 -2069
-1931 -1994 -2030 -1997 -2028 -2035 -2008 -1978 -2057 -2016 -2069 -1997 -1965 -1908 -1989 -1941 -1910 -1868 -2062 -2187 -2191 -2202 -2144 -2082 -2116 -2140 -2109 -2091 -2084 -2112 -2080 -2017 -1959 -1955 -2010 -2046 -2063 -2116 -2110 -2109 -2084 -1969 -1951 -1987 -1971 -1935 -1946 -1957 -1977 -1982 -2014 -1999 -2030 -2028 -2024 -1988 -2034 -2121 -1975 -1927 -1957 -2060 -2040 -2045 -2042 -2050 -2102 -2102 -2068 -2052 -2052 -2076
-2027 -2071 -2037 -2008 -2058 -2040 -2010 -1969 -2019 -2009 -2061 -1947 -1972 -1961 -1995 -1925 -1898 -1867 -2059 -2210 -2177 -2184 -2171 -2124 -2154 -2184 -2099 -2068 -2060 -2085 -2084 -2065 -2017 -1994 -1999 -2033 -2014 -2085 -2109 -2085 -2113 -2044 -1926 -1910 -1898 -1953 -1919 -1920 -2002 -1983 -1970 -2001 -1990 -2004 -2036 -2029 -2037 -2072 -1986 -1965 -1929 -2020 -1995 -1959 -1989 -2015 -2021 -2017 -2030 -2049 -2050 -2102
-1980 -2060 -2149 -2156 -2172 -2125 -2105 -2070 -2085 -2113 -2103 -1909 -1949 -1971 -2016 -2042 -1870 -1837 -2042 -2162 -2121 -2103 -2097 -2114 -2144 -2154 -2073 -1993 -2011 -2050 -2058 -2076 -2060 -2037 -2083 -2143 -2081 -2044 -2017 -2090 -2136 -2071 -2005 -1893 -1872 -1987 -1952 -1944 -2086 -2081 -2099 -2039 -1994 -1970 -1970 -2038 -2074 -2030 -2091 -2038 -1940 -2018 -2004 -1969 -1988 -2006 -2009 -2007 -2020 -2033 -2037 -2124
-1843 -2144 -2371 -2373 -2357 -2325 -2204 -2169 -2226 -2281 -2180 -1899 -1944 -2053 -2050 -1943 -1917 -1849 -2019 -2118 -2063 -2034 -2010 -2079 -2105 -2136 -2107 -2043 -1998 -2015 -2046 -2072 -2080 -2052 -2112 -2179 -2165 -2207 -2153 -2080 -1968 -2011 -2016 -1989 -1980 -1984 -2008 -2002 -2072 -2024 -2033 -2064 -1955 -1952 -1959 -2059 -2137 -2144 -2127 -2024 -1903 -1955 -1980 -1974 -1974 -1976 -1976 -2014 -2065 -2040 -2027 -2127
-1889 -2003 -2058 -2114 -2133 -2135 -2064 -2020 -2024 -2161 -2140 -1916 -1944 -1989 -2032 -1897 -1935 -1856 -2020 -2106 -2082 -2050 -2056 -2100 -2087 -2104 -2125 -2062 -2035 -2018 -2062 -2071 -2104 -2102 -2102 -2162 -2162 -2192 -2130 -2152 -2016 -1943 -1991 -2020 -2020 -1983 -2020 -2009 -2080 -2038 -2065 -2090 -1946 -1970 -1980 -1920 -2017 -2171 -2133 -2101 -2047 -1936 -1925 -1899 -1949 -1960 -1953 -1954 -2093 -2048 -1996 -2059
-1860 -1939 -1979 -1946 -1944 -1948 -1906 -1831 -1733 -1849 -2010 -1930 -1989 -1976 -1932 -1861 -1869 -1861 -2019 -2084 -2064 -2058 -2069 -2077 -2063 -2058 -2047 -2032 -2030 -2031 -2057 -2072 -2070 -2103 -2128 -2109 -2173 -2221 -2163 -2085 -2032 -1988 -2016 -2022 -1998 -2016 -2032 -2032 -2078 -2066 -2080 -2118 -2032 -2049 -2027 -1942 -2029 -2151 -2106 -2072 -2084 -2037 -2062 -2070 -2036 -2017 -2040 -1993 -2099 -2085 -2038 -2019
-2100 -2077 -2111 -2113 -2098 -2081 -2073 -2047 -2045 -2040 -2082 -2026 -1996 -1827 -2020 -2046 -2046 -2064 -2063 -1991 -2009 -2003 -1985 -1986 -1960 -2021 -2055 -2098 -2091 -2040 -2061 -2076 -2059 -2064 -2097 -2077 -2196 -2197 -2196 -2161 -2159 -2182 -2174 -2148 -2146 -2122 -2026 -2031 -2130 -2088 -2073 -2107 -2116 -2004 -2045 -2072 -2030 -2048 -2028 -2010 -1980 -2009 -2012 -1967 -2000 -2034 -1946 -1919 -1984 -1989 -1967 -1893
-2028 -2013 -2006 -2053 -2043 -2057 -2031 -2096 -2116 -2095 -2109 -2098 -2081 -2061 -1962 -2132 -2158 -2156 -2148 -2089 -2072 -2037 -2081 -2109 -2023 -2050 -2119 -2120 -2053 -2042 -2066 -2068 -2076 -2061 -2069 -2106 -2309 -2305 -2262 -2222 -2232 -2248 -2253 -2236 -2243 -2216 -2253 -2092 -1904 -2056 -2135 -2129 -2116 -2073 -2019 -2022 -1997 -2008 -2021 -1984 -2028 -2165 -2155 -1931 -2003 -2071 -1928 -2008 -2246 -1924 -1883 -2082
-2017 -2034 -2037 -2023 -1994 -2042 -2018 -2033 -2038 -2041 -2102 -2097 -2031 -1908 -1949 -1996 -2028 -2050 -2033 -2026 -1935 -1995 -2020 -1982 -1960 -2076 -2101 -2083 -2042 -2051 -2063 -2035 -2038 -2053 -2082 -2101 -2274 -2375 -2357 -2353 -2326 -2309 -2306 -2286 -2287 -2251 -2278 -2146 -1881 -1869 -1880 -1992 -2023 -2002 -2036 -2036 -1995 -1993 -2012 -1982 -1968 -1982 -1992 -1970 -1938 -1930 -1894 -1876 -1883 -1869 -1898 -2181
-2107 -2118 -2118 -2089 -2051 -2070 -2073 -2063 -2115 -2095 -2078 -2046 -2019 -1863 -1866 -1941 -1954 -1964 -1955 -1989 -1936 -1918 -1944 -2080 -2040 -2080 -2034 -2009 -2033 -2077 -2079 -2046 -2030 -2035 -2074 -2108 -2253 -2307 -2341 -2379 -2375 -2411 -2398 -2404 -2338 -2353 -2374 -2135 -1897 -1867 -1884 -1906 -1939 -1976 -2045 -2027 -1993 -2013 -2002 -1931 -1836 -1828 -1808 -1819 -1876 -1858 -1876 -1880 -1879 -1873 -1865 -2042
-2102 -2135 -2141 -2133 -2135 -2146 -2129 -2144 -2137 -2131 -2127 -2096 -2067 -1975 -1833 -1947 -1935 -1957 -1948 -1952 -1947 -2054 -2103 -2094 -1990 -2002 -2057 -2042 -2041 -2043 -2070 -2068 -2048 -2040 -2063 -2106 -2150 -2191 -2254 -2313 -2323 -2321 -2340 -2318 -2287 -2288 -2280 -2071 -1894 -1894 -1929 -1897 -1876 -1971 -1960 -1971 -1974 -1995 -1958 -1919 -1834 -1817 -1803 -1809 -1867 -1832 -1924 -1857 -1953 -1921 -1826 -1954
-2040 -2128 -2123 -2137 -2136 -2128 -2107 -2089 -2117 -2103 -2143 -2120 -2011 -1968 -1817 -1868 -1925 -1954 -2010 -2097 -2108 -2070 -2110 -2103 -2034 -2063 -2075 -2055 -2046 -2034 -2055 -2066 -2056 -2062 -2118 -2128 -2186 -2221 -2224 -2280 -2316 -2317 -2172 -2169 -2171 -2173 -2116 -2053 -2034 -1981 -1940 -1960 -1895 -1922 -1997 -1921 -1959 -1913 -1972 -1894 -1858 -1862 -1843 -1891 -1927 -1796 -1827 -1997 -1997 -1862 -1789 -1962
-1963 -2059 -2115 -2116 -2110 -2100 -2087 -2080 -2100 -2092 -2028 -1989 -1983 -1981 -1856 -1974 -2053 -2113 -2135 -2157 -2145 -2097 -2084 -2099 -2081 -2078 -2088 -2085 -2060 -2060 -2056 -2071 -2063 -2073 -2128 -2119 -2215 -2229 -2201 -2175 -2200 -2246 -2040 -1991 -1908 -1948 -1880 -1963 -1969 -1975 -2071 -1928 -1907 -1980 -1996 -1896 -1935 -1968 -1899 -1946 -1864 -1931 -1929 -1860 -1960 -1969 -1901 -1980 -1981 -1883 -1823 -1905
-1961 -2018 -2012 -2016 -2019 -2037 -2039 -2062 -2068 -2007 -1942 -1911 -1948 -1944 -1833 -1947 -2114 -2155 -2161 -2135 -2113 -2115 -2111 -2068 -2015 -2062 -2062 -2055 -2043 -2061 -2043 -2066 -2044 -2058 -2090 -2131 -2187 -2171 -2214 -2153 -2132 -2204 -1953 -2046 -1977 -1979 -1976 -1974 -1986 -1984 -2114 -1985 -1920 -1968 -1994 -1843 -1897 -1981 -1969 -1979 -2005 -1885 -1894 -1854 -1993 -1915 -2044 -1991 -1968 -1885 -1763 -1918
-1995 -1895 -1864 -1957 -1916 -1913 -1903 -1904 -1936 -1911 -1915 -1900 -1848 -1833 -1821 -1883 -2126 -2168 -2157 -2131 -2109 -2135 -2142 -2129 -2027 -1992 -2019 -2016 -2016 -2006 -1971 -2019 -2036 -2042 -2050 -2115 -2201 -2217 -2207 -2181 -2155 -2189 -2027 -2069 -2089 -1940 -1952 -1971 -1965 -1987 -1975 -1980 -1953 -2042 -2011 -1904 -1885 -1940 -1973 -2078 -2020 -1954 -1846 -1844 -2042 -1935 -2032 -1863 -1611 -1938 -1856 -1938
-1901 -1923 -1854 -1889 -1860 -1839 -1863 -1861 -1882 -1882 -2058 -1860 -1860 -1825 -1969 -2400 -2113 -2157 -2173 -2149 -2131 -2165 -2212 -2192 -2048 -2033 -2070 -2038 -2041 -2057 -2045 -2059 -2076 -2119 -2105 -2102 -2162 -2162 -2141 -2093 -2118 -2176 -1961 -1989 -1927 -1990 -2096 -2063 -1987 -1900 -2028 -1969 -1931 -1917 -1979 -2022 -1964 -1951 -1920 -2059 -1993 -2008 -2037 -1907 -1893 -1954 -2057 -1740 -1759 -1915 -1878 -1968
-1986 -1991 -1911 -1893 -1949 -1811 -1875 -1944 -1853 -1910 -2021 -1908 -1865 -1901 -1944 -2053 -2156 -2219 -2230 -2227 -2191 -2177 -2210 -2178 -2038 -2066 -2092 -2072 -2065 -2069 -2074 -2072 -2067 -2099 -2088 -2104 -2093 -2046 -2023 -2036 -2050 -2086 -1949 -1881 -1921 -2017 -2020 -2039 -2045 -2010 -2034 -1875 -1925 -1946 -1923 -1995 -1970 -1924 -1940 -1906 -1889 -1969 -1950 -1970 -2010 -2065 -2116 -2026 -1904 -1833 -1876 -1965
-1972 -1968 -1940 -1900 -1875 -1926 -1847 -1865 -1865 -1848 -2013 -1955 -1891 -2017 -2019 -2057 -2072 -2117 -2119 -2135 -2147 -2165 -2174 -2178 -2093 -2053 -2052 -2087 -2092 -2044 -2032 -2036 -2058 -2061 -2021 -2049 -1940 -1923 -1915 -1948 -1942 -1938 -1966 -1915 -2009 -2051 -2066 -2015 -1993 -1926 -1911 -1897 -1977 -2004 -1964 -2078 -1935 -1961 -1949 -1896 -1993 -1875 -1917 -1926 -1938 -1971 -2105 -2033 -1989 -1987 -1951 -1987
-1914 -1931 -2003 -1965 -1939 -1821 -1880 -1921 -1942 -2005 -1990 -1991 -1891 -2059 -2109 -2137 -2117 -2147 -2164 -2121 -2121 -2125 -2145 -2140 -2057 -2041 -2056 -2062 -2074 -2038 -2012 -2020 -2018 -2026 -1999 -2018 -1896 -1914 -1900 -1911 -1915 -1998 -2046 -2040 -2006 -2028 -2027 -2001 -2018 -1902 -1988 -2081 -2047 -1998 -1955 -2106 -1952 -1916 -1973 -2067 -1944 -1878 -1933 -1890 -1911 -1932 -2054 -2007 -1965 -1963 -1923 -1842
-1909 -1972 -1954 -1934 -2003 -1938 -1906 -1922 -1974 -1979 -2005 -2042 -1913 -2102 -2136 -2148 -2105 -2128 -2139 -2120 -2128 -2138 -2154 -2124 -2029 -2027 -2039 -2036 -1959 -1972 -1923 -1937 -1896 -1892 -1925 -1983 -1899 -1885 -1894 -1895 -1882 -1938 -1897 -1909 -1921 -1928 -1951 -2018 -2017 -1878 -1847 -2046 -1985 -2017 -1917 -1959 -1868 -1922 -1970 -1945 -1874 -1897 -1962 -1893 -1895 -1945 -1975 -1926 -1892 -1892 -1880 -1941
-1913 -1948 -1973 -1995 -1979 -2017 -1877 -1864 -1951 -1991 -2036 -2060 -2050 -2142 -2162 -2159 -2140 -2150 -2160 -2145 -2150 -2154 -2161 -2128 -1990 -1988 -2061 -2068 -2079 -2047 -1966 -1946 -1991 -1993 -2010 -2009 -1899 -1883 -1891 -1878 -1878 -1898 -1847 -1861 -1883 -1895 -1865 -2054 -1971 -1934 -1910 -1857 -1963 -2005 -2106 -2031 -1954 -1978 -2031 -1884 -1870 -1872 -1890 -1917 -1921 -1797 -1902 -1936 -1835 -1931 -1935 -1906
-2022 -1953 -1972 -1982 -1952 -2009 -1951 -1973 -1955 -2006 -2040 -2040 -2094 -2160 -2168 -2161 -2146 -2143 -2150 -2132 -2105 -2136 -2128 -2115 -2040 -2013 -2031 -2040 -2014 -1966 -1874 -1859 -1892 -1963 -1960 -1948 -1889 -1876 -1867 -1886 -1886 -1924 -1913 -1890 -1871 -1890 -1891 -1971 -1972 -2012 -1942 -1895 -1855 -1921 -2023 -2055 -1966 -1967 -2051 -1893 -1978 -2000 -2017 -1979 -1974 -1979 -1961 -1871 -1910 -1924 -1939 -1762
-2007 -1980 -1984 -1997 -1946 -2006 -1979 -1990 -1997 -2028 -2073 -2076 -2100 -2120 -2117 -2125 -2147 -2139 -2121 -2104 -2107 -2142 -2183 -2160 -2027 -2043 -2064 -2047 -2017 -1906 -1937 -1890 -1902 -1954 -1919 -1932 -1935 -1944 -1932 -1936 -1969 -2003 -2081 -1954 -1871 -1874 -1901 -2029 -2185 -2090 -2068 -1981 -1929 -1937 -1944 -1962 -2022 -1928 -2006 -1949 -2062 -2020 -1967 -1911 -1919 -1894 -1935 -1927 -1934 -1940 -1918 -2010
-1997 -2003 -1999 -1998 -1940 -1996 -1997 -2030 -2029 -2036 -2055 -2055 -2089 -2112 -2130 -2146 -2149 -2138 -2132 -2151 -2136 -2154 -2185 -2167 -2009 -2033 -2087 -2096 -2027 -1961 -1938 -1919 -1957 -1983 -1952 -1958 -1920 -1931 -1949 -1899 -1889 -2000 -2035 -1939 -1909 -1915 -1898 -2005 -2058 -2112 -2088 -2070 -1904 -1935 -2031 -1927 -2022 -2029 -2033 -1912 -2000 -1994 -1916 -1955 -2039 -1934 -1860 -1955 -2036 -1941 -1882 -1918
-2086 -1972 -1971 -1984 -1980 -1991 -2050 -2090 -2131 -2078 -2042 -2039 -2086 -2123 -2146 -2155 -2150 -2127 -2130 -2150 -2116 -2112 -2203 -2216 -2050 -2034 -2094 -2098 -2024 -1960 -1950 -1912 -1992 -2053 -2038 -1983 -1906 -1921 -1892 -1852 -1923 -2069 -2159 -2155 -1947 -1937 -1922 -2003 -2064 -2025 -1961 -2046 -1945 -1914 -1946 -1922 -1960 -1968 -1964 -1871 -1995 -1991 -1992 -1877 -1931 -1929 -1923 -1979 -1877 -1969 -1926 -1802
-2043 -1983 -1946 -1980 -2013 -2048 -2117 -2097 -2132 -2074 -2059 -2029 -2105 -2140 -2133 -2154 -2152 -2131 -2136 -2157 -2136 -2139 -2205 -2144 -2077 -2051 -2094 -2110 -2004 -1934 -1955 -1944 -1959 -2066 -2077 -2000 -1920 -1969 -1914 -1889 -2048 -2104 -2159 -1964 -1880 -1931 -1985 -2121 -2176 -2148 -2172 -2179 -2160 -2051 -1912 -1911 -1902 -1954 -1963 -1798 -1986 -1921 -1957 -1932 -1913 -1864 -1942 -2003 -1966 -1775 -1836 -1868
-2069 -2062 -1847 -1661 -1808 -1889 -1946 -2082 -2087 -1971 -1994 -1991 -2107 -2149 -2151 -2163 -2161 -2117 -2125 -2129 -2121 -2136 -2149 -2145 -2038 -2078 -2126 -2085 -2008 -1989 -1960 -1948 -1946 -1965 -2040 -2054 -1927 -1954 -1892 -1887 -2046 -2114 -2094 -1909 -1838 -1939 -1977 -2078 -2131 -2100 -2101 -2103 -2126 -2059 -2003 -1948 -1941 -1977 -2004 -1827 -1953 -1893 -1947 -1929 -1832 -1860 -1937 -1891 -1920 -1897 -1872 -1840
-2053 -2081 -1867 -1768 -1979 -1995 -1893 -1916 -1889 -1915 -1971 -2002 -2137 -2123 -2110 -2143 -2150 -2155 -2168 -2138 -2129 -2148 -2149 -2159 -2107 -2122 -2128 -2053 -1985 -1999 -1974 -2004 -2010 -1987 -2041 -2061 -1936 -1938 -1918 -1881 -2050 -2143 -2099 -1929 -1874 -2024 -1961 -2035 -2099 -2142 -2172 -2165 -2211 -2024 -1973 -2003 -1983 -1857 -1937 -1803 -1859 -1880 -2025 -1950 -1839 -1842 -1879 -1981 -1961 -1957 -1887 -1921
-1744 -1839 -1952 -2043 -2006 -2039 -2040 -2053 -2022 -1985 -1927 -1940 -1929 -1917 -1915 -1926 -1892 -1872 -1887 -1903 -1895 -1936 -1950 -2044 -2019 -1987 -2004 -1998 -2047 -2039 -2054 -2025 -1950 -1980 -2070 -1957 -1948 -1928 -1884 -1880 -1912 -2056 -1963 -1944 -1883 -1904 -1970 -2025 -2030 -2052 -1989 -2066 -2083 -2043 -2051 -2071 -1975 -1933 -1944 -1814 -1839 -1956 -1986 -1901 -1914 -1901 -2020 -1996 -1993 -1942 -1904 -1902
-1743 -1782 -1785 -1857 -1984 -1956 -1881 -1983 -1912 -1959 -1946 -1834 -1827 -1828 -1837 -1837 -1824 -1817 -1821 -1838 -1844 -1853 -1865 -1911 -2001 -1959 -1974 -1966 -1997 -2001 -2040 -2043 -1974 -1965 -2125 -1974 -1929 -1921 -1896 -1952 -2025 -2053 -1928 -1872 -1848 -1963 -2067 -2016 -2018 -2049 -2091 -2123 -2193 -2213 -2144 -2178 -2151 -2095 -2027 -1967 -2056 -1989 -1995 -1916 -1867 -1848 -1985 -1992 -2009 -2024 -1967 -2003
-1703 -1718 -1711 -1765 -1793 -1752 -1774 -1944 -1939 -1847 -1838 -1834 -1831 -1818 -1830 -1813 -1815 -1817 -1848 -1847 -1841 -1857 -1826 -1864 -1973 -1954 -1964 -1967 -1991 -1999 -2040 -2123 -2208 -2118 -2067 -1986 -1888 -1862 -1882 -1996 -2059 -2010 -1962 -1945 -1930 -2021 -2119 -2065 -2053 -2046 -2104 -2173 -2196 -2210 -2172 -2112 -2057 -2057 -2020 -1977 -2106 -2102 -1897 -1856 -2042 -2024 -1985 -1998 -2005 -2019 -2024 -1997
-1664 -1668 -1666 -1665 -1677 -1706 -1881 -1988 -1827 -1755 -1797 -1820 -1802 -1850 -1867 -1834 -1796 -1797 -1806 -1837 -1850 -1835 -1811 -1907 -1982 -1963 -1973 -1974 -1998 -2030 -2030 -2047 -2038 -2002 -2052 -2008 -2007 -2022 -2010 -1956 -2052 -2028 -2027 -2020 -2042 -2039 -2099 -2054 -2010 -2056 -2067 -2140 -2186 -2236 -2182 -2123 -2067 -2028 -1938 -1996 -2171 -2145 -1880 -1833 -1994 -2132 -2071 -2036 -2042 -2055 -2055 -2045
-1903 -1857 -1846 -1810 -1811 -1886 -1969 -1949 -1904 -1931 -1968 -1955 -1962 -1991 -1966 -1934 -1912 -1896 -1908 -1899 -1925 -1940 -1947 -2066 -1991 -1980 -1986 -1972 -1984 -2012 -1996 -1986 -1950 -1974 -2053 -2013 -2025 -1969 -1974 -1919 -1924 -2104 -2148 -2092 -2091 -2119 -2075 -2044 -2017 -2029 -2126 -2157 -2162 -2189 -2164 -2031 -2020 -2008 -1906 -1916 -2187 -2118 -1849 -1884 -1982 -2045 -2053 -2032 -2043 -2065 -2070 -2071
-2063 -2027 -2020 -1941 -2002 -2007 -1911 -1865 -2011 -2201 -2210 -2214 -2236 -2256 -2266 -2235 -2213 -2206 -2282 -2293 -2226 -2209 -2213 -2136 -1976 -1974 -1979 -1971 -1947 -1981 -1947 -1936 -1937 -1956 -2046 -2033 -2005 -2033 -2015 -1957 -1898 -2066 -2121 -2179 -2086 -2082 -2146 -2062 -1962 -1955 -2000 -1974 -2087 -2204 -2129 -2087 -2045 -2006 -1910 -1893 -2009 -1928 -1988 -1922 -1891 -2041 -1924 -1905 -1923 -2025 -2036 -2044
-2043 -2051 -2093 -1895 -1994 -1958 -1872 -1804 -2011 -2153 -2149 -2117 -2106 -2065 -2081 -2067 -2093 -2091 -2081 -2108 -2148 -2134 -2125 -2138 -2002 -1948 -1928 -1937 -1918 -1933 -1894 -1963 -1946 -1948 -2045 -2022 -2013 -2036 -2012 -2017 -2012 -2095 -2036 -2021 -2129 -2113 -2129 -2062 -1941 -2006 -2031 -2006 -1998 -2014 -2061 -2042 -2040 -2010 -1961 -1931 -2021 -1981 -2041 -1922 -1973 -1979 -1995 -2059 -1973 -1834 -1978 -2050
-2053 -2072 -2072 -1975 -1921 -1876 -1823 -1904 -2047 -2170 -2163 -2145 -2105 -2041 -2036 -2070 -2093 -2092 -2084 -2099 -2111 -2073 -2073 -2056 -1842 -1915 -1953 -1930 -1945 -1968 -1933 -1901 -1944 -1994 -2060 -2041 -1992 -1996 -2047 -2030 -2049 -2051 -2023 -1947 -1964 -2061 -2032 -1912 -1982 -1956 -1950 -2055 -2027 -2015 -2048 -1968 -1966 -1940 -2025 -1976 -2023 -2010 -1940 -2025 -2070 -2069 -2028 -1987 -1903 -1949 -1932 -1760
-2066 -2112 -2058 -1929 -1894 -1842 -1824 -1884 -1980 -2059 -2043 -2050 -2032 -2026 -2048 -2036 -2068 -2078 -2079 -2089 -2071 -2048 -2062 -2069 -1878 -1838 -1944 -1932 -1924 -1977 -1939 -1925 -1925 -1981 -1897 -2022 -2007 -1977 -2025 -2066 -2053 -2030 -2048 -2009 -1973 -1982 -1987 -1913 -1987 -2017 -1953 -2122 -2064 -2081 -1952 -1945 -1961 -1990 -2014 -1921 -2069 -1992 -1960 -2091 -2115 -2094 -2088 -2077 -1883 -1934 -1975 -1542
-1977 -2052 -2202 -1928 -1941 -1801 -1874 -1923 -1952 -2024 -1996 -2014 -2020 -2016 -1991 -2001 -2050 -2041 -2045 -2039 -2022 -2031 -2039 -2064 -1955 -1863 -1857 -1931 -1931 -1901 -1884 -1954 -1864 -1925 -1848 -1851 -1977 -2009 -2089 -2113 -2017 -2088 -2035 -2017 -1983 -1936 -1964 -2031 -2024 -2024 -1923 -2017 -2042 -2014 -1883 -2014 -1959 -1959 -1964 -1943 -2039 -1961 -2018 -2093 -2073 -2070 -2047 -2103 -1904 -1920 -1993 -1942
-2041 -2080 -1851 -1988 -1938 -1777 -1871 -1954 -1948 -1985 -1935 -1975 -2001 -2046 -2048 -2035 -2036 -1985 -1944 -1965 -2012 -1973 -1979 -2011 -2017 -1972 -1880 -1855 -1895 -1822 -1917 -1966 -1971 -1966 -1926 -1918 -2015 -1969 -2017 -1980 -1936 -2028 -2007 -2035 -2017 -1932 -2015 -2060 -2021 -2055 -1960 -2031 -2079 -1979 -2051 -2046 -2012 -1934 -2036 -1950 -1984 -1928 -2018 -2101 -2103 -2101 -2071 -2100 -1866 -1947 -2049 -1871
-2001 -2006 -1978 -2000 -1863 -1874 -1933 -2012 -1967 -1997 -1982 -2048 -2002 -2015 -2060 -2068 -2057 -2059 -2062 -2065 -2058 -2048 -2063 -2071 -1969 -1974 -2060 -1906 -1949 -1879 -1905 -1927 -1983 -2038 -2099 -1966 -1938 -2002 -2061 -1982 -1986 -2011 -1994 -1989 -2018 -1951 -2031 -2150 -1998 -1990 -1992 -1977 -1996 -2056 -2041 -2064 -1981 -2010 -2079 -2128 -2033 -2030 -1953 -2011 -2094 -2106 -2120 -2113 -1957 -2069 -2111 -2017
-1894 -2002 -1970 -1918 -1766 -1683 -1837 -1988 -1982 -1926 -1930 -1982 -1894 -1970 -2029 -2064 -2042 -2061 -2036 -2067 -2069 -2045 -2040 -1960 -1929 -1895 -1940 -1953 -1823 -1929 -1995 -1967 -1920 -1886 -1887 -1876 -1993 -1982 -1881 -1913 -1941 -2060 -1975 -1964 -1957 -2007 -2008 -1969 -2045 -2118 -2018 -1998 -1991 -1992 -2015 -1998 -2103 -2128 -2116 -1977 -1929 -1956 -1991 -1952 -1971 -2172 -2203 -2122 -1866 -2013 -2129 -1944
-1916 -2071 -2021 -1967 -1845 -1746 -1780 -1911 -1968 -2019 -1956 -2063 -2039 -2003 -1981 -2057 -2065 -2031 -1949 -1971 -1949 -1949 -1925 -1919 -2023 -1894 -1858 -1861 -1854 -1958 -2137 -2153 -2105 -1985 -1895 -1849 -1965 -1908 -1902 -1923 -1906 -1819 -1884 -1958 -1955 -1944 -1902 -1954 -2057 -2112 -2126 -2119 -2053 -1865 -1959 -2031 -2081 -2080 -2090 -1964 -1909 -2008 -1907 -1799 -1938 -2075 -2122 -2069 -2011 -1920 -1989 -1934
