index,alpha,beta,gamma,u,v,RMSE
0,0.001,0.001,0.001,0.001,0.001,0.2954541742801666
1,0.001,0.001,0.001,0.001,1.0,0.3243881165981293
2,0.001,0.001,0.001,0.001,1000.0,0.3863830864429474
3,0.001,0.001,0.001,1.0,0.001,0.3833693265914917
4,0.001,0.001,0.001,1.0,1.0,0.3571317195892334
5,0.001,0.001,0.001,1.0,1000.0,0.36198869347572327
6,0.001,0.001,0.001,1000.0,0.001,0.3142108619213104
7,0.001,0.001,0.001,1000.0,1.0,0.45746123790740967
8,0.001,0.001,0.001,1000.0,1000.0,0.3662368655204773
9,0.001,0.001,1.0,0.001,0.001,0.4324488639831543
10,0.001,0.001,1.0,0.001,1.0,0.3482242524623871
11,0.001,0.001,1.0,0.001,1000.0,0.3145208954811096
12,0.001,0.001,1.0,1.0,0.001,0.36218440532684326
13,0.001,0.001,1.0,1.0,1.0,0.3918555676937103
14,0.001,0.001,1.0,1.0,1000.0,0.33637550473213196
15,0.001,0.001,1.0,1000.0,0.001,0.3469046652317047
16,0.001,0.001,1.0,1000.0,1.0,0.31278347969055176
17,0.001,0.001,1.0,1000.0,1000.0,0.3236376941204071
18,0.001,0.001,1000.0,0.001,0.001,0.3221187889575958
19,0.001,0.001,1000.0,0.001,1.0,0.3423798382282257
20,0.001,0.001,1000.0,0.001,1000.0,0.4011998772621155
21,0.001,0.001,1000.0,1.0,0.001,0.39201879501342773
22,0.001,0.001,1000.0,1.0,1.0,0.3743925988674164
23,0.001,0.001,1000.0,1.0,1000.0,0.32089367508888245
24,0.001,0.001,1000.0,1000.0,0.001,0.3309031128883362
25,0.001,0.001,1000.0,1000.0,1.0,0.3119927644729614
26,0.001,0.001,1000.0,1000.0,1000.0,0.2652321457862854
27,0.001,1.0,0.001,0.001,0.001,0.3286367356777191
28,0.001,1.0,0.001,0.001,1.0,0.2992118000984192
29,0.001,1.0,0.001,0.001,1000.0,0.4157908856868744
30,0.001,1.0,0.001,1.0,0.001,0.34793394804000854
31,0.001,1.0,0.001,1.0,1.0,0.32138168811798096
32,0.001,1.0,0.001,1.0,1000.0,0.3423483669757843
33,0.001,1.0,0.001,1000.0,0.001,0.3395264744758606
34,0.001,1.0,0.001,1000.0,1.0,0.2918394207954407
35,0.001,1.0,0.001,1000.0,1000.0,0.3524579107761383
36,0.001,1.0,1.0,0.001,0.001,0.3330879509449005
37,0.001,1.0,1.0,0.001,1.0,0.40863433480262756
38,0.001,1.0,1.0,0.001,1000.0,0.31545591354370117
39,0.001,1.0,1.0,1.0,0.001,0.3198114335536957
40,0.001,1.0,1.0,1.0,1.0,0.2972548007965088
41,0.001,1.0,1.0,1.0,1000.0,0.3379822075366974
42,0.001,1.0,1.0,1000.0,0.001,0.3263154923915863
43,0.001,1.0,1.0,1000.0,1.0,0.30747127532958984
44,0.001,1.0,1.0,1000.0,1000.0,0.31775251030921936
45,0.001,1.0,1000.0,0.001,0.001,0.29984572529792786
46,0.001,1.0,1000.0,0.001,1.0,0.42124423384666443
47,0.001,1.0,1000.0,0.001,1000.0,0.4025416374206543
48,0.001,1.0,1000.0,1.0,0.001,0.3312655985355377
49,0.001,1.0,1000.0,1.0,1.0,0.38850733637809753
50,0.001,1.0,1000.0,1.0,1000.0,0.34989917278289795
51,0.001,1.0,1000.0,1000.0,0.001,0.3635598123073578
52,0.001,1.0,1000.0,1000.0,1.0,0.3523704707622528
53,0.001,1.0,1000.0,1000.0,1000.0,0.3170393407344818
54,0.001,1000.0,0.001,0.001,0.001,0.36784204840660095
55,0.001,1000.0,0.001,0.001,1.0,0.36379092931747437
56,0.001,1000.0,0.001,0.001,1000.0,0.3893427550792694
57,0.001,1000.0,0.001,1.0,0.001,0.2967308461666107
58,0.001,1000.0,0.001,1.0,1.0,0.32404741644859314
59,0.001,1000.0,0.001,1.0,1000.0,0.3152180314064026
60,0.001,1000.0,0.001,1000.0,0.001,0.2930300831794739
61,0.001,1000.0,0.001,1000.0,1.0,0.3252478241920471
62,0.001,1000.0,0.001,1000.0,1000.0,0.37554699182510376
63,0.001,1000.0,1.0,0.001,0.001,0.39258986711502075
64,0.001,1000.0,1.0,0.001,1.0,0.3747827708721161
65,0.001,1000.0,1.0,0.001,1000.0,0.2870296239852905
66,0.001,1000.0,1.0,1.0,0.001,0.3240474760532379
67,0.001,1000.0,1.0,1.0,1.0,0.3487757742404938
68,0.001,1000.0,1.0,1.0,1000.0,0.34970059990882874
69,0.001,1000.0,1.0,1000.0,0.001,0.300883948802948
70,0.001,1000.0,1.0,1000.0,1.0,0.29391753673553467
71,0.001,1000.0,1.0,1000.0,1000.0,0.363342821598053
72,0.001,1000.0,1000.0,0.001,0.001,0.25065118074417114
73,0.001,1000.0,1000.0,0.001,1.0,0.3612445890903473
74,0.001,1000.0,1000.0,0.001,1000.0,0.3331454396247864
75,0.001,1000.0,1000.0,1.0,0.001,0.28940144181251526
76,0.001,1000.0,1000.0,1.0,1.0,0.3174726963043213
77,0.001,1000.0,1000.0,1.0,1000.0,0.37593168020248413
78,0.001,1000.0,1000.0,1000.0,0.001,0.34026846289634705
79,0.001,1000.0,1000.0,1000.0,1.0,0.291733056306839
80,0.001,1000.0,1000.0,1000.0,1000.0,0.32261040806770325
81,1.0,0.001,0.001,0.001,0.001,0.3593090772628784
82,1.0,0.001,0.001,0.001,1.0,0.3613782525062561
83,1.0,0.001,0.001,0.001,1000.0,0.39022502303123474
84,1.0,0.001,0.001,1.0,0.001,0.39194032549858093
85,1.0,0.001,0.001,1.0,1.0,0.3570323884487152
86,1.0,0.001,0.001,1.0,1000.0,0.2939578890800476
87,1.0,0.001,0.001,1000.0,0.001,0.3124847710132599
88,1.0,0.001,0.001,1000.0,1.0,0.3469690680503845
89,1.0,0.001,0.001,1000.0,1000.0,0.4035419821739197
90,1.0,0.001,1.0,0.001,0.001,0.357317715883255
91,1.0,0.001,1.0,0.001,1.0,0.39371052384376526
92,1.0,0.001,1.0,0.001,1000.0,0.38209962844848633
93,1.0,0.001,1.0,1.0,0.001,0.31563499569892883
94,1.0,0.001,1.0,1.0,1.0,0.3110378682613373
95,1.0,0.001,1.0,1.0,1000.0,0.36634981632232666
96,1.0,0.001,1.0,1000.0,0.001,0.3454779088497162
97,1.0,0.001,1.0,1000.0,1.0,0.3420368731021881
98,1.0,0.001,1.0,1000.0,1000.0,0.35341426730155945
99,1.0,0.001,1000.0,0.001,0.001,0.3387838304042816
100,1.0,0.001,1000.0,0.001,1.0,0.37351539731025696
101,1.0,0.001,1000.0,0.001,1000.0,0.30822643637657166
102,1.0,0.001,1000.0,1.0,0.001,0.33213263750076294
103,1.0,0.001,1000.0,1.0,1.0,0.35540348291397095
104,1.0,0.001,1000.0,1.0,1000.0,0.31697747111320496
105,1.0,0.001,1000.0,1000.0,0.001,0.31773248314857483
106,1.0,0.001,1000.0,1000.0,1.0,0.33906492590904236
107,1.0,0.001,1000.0,1000.0,1000.0,0.37669888138771057
108,1.0,1.0,0.001,0.001,0.001,0.3708663582801819
109,1.0,1.0,0.001,0.001,1.0,0.3187541365623474
110,1.0,1.0,0.001,0.001,1000.0,0.3778340816497803
111,1.0,1.0,0.001,1.0,0.001,0.3514142334461212
112,1.0,1.0,0.001,1.0,1.0,0.27834635972976685
113,1.0,1.0,0.001,1.0,1000.0,0.3639557957649231
114,1.0,1.0,0.001,1000.0,0.001,0.32077494263648987
115,1.0,1.0,0.001,1000.0,1.0,0.3393527567386627
116,1.0,1.0,0.001,1000.0,1000.0,0.35316339135169983
117,1.0,1.0,1.0,0.001,0.001,0.28678449988365173
118,1.0,1.0,1.0,0.001,1.0,0.3321530818939209
119,1.0,1.0,1.0,0.001,1000.0,0.359287291765213
120,1.0,1.0,1.0,1.0,0.001,0.3965337574481964
121,1.0,1.0,1.0,1.0,1.0,0.3511876165866852
122,1.0,1.0,1.0,1.0,1000.0,0.3709109127521515
123,1.0,1.0,1.0,1000.0,0.001,0.3196980655193329
124,1.0,1.0,1.0,1000.0,1.0,0.30580270290374756
125,1.0,1.0,1.0,1000.0,1000.0,0.4286445379257202
126,1.0,1.0,1000.0,0.001,0.001,0.32816657423973083
127,1.0,1.0,1000.0,0.001,1.0,0.3933852016925812
128,1.0,1.0,1000.0,0.001,1000.0,0.29162538051605225
129,1.0,1.0,1000.0,1.0,0.001,0.37330591678619385
130,1.0,1.0,1000.0,1.0,1.0,0.3633768856525421
131,1.0,1.0,1000.0,1.0,1000.0,0.3239649534225464
132,1.0,1.0,1000.0,1000.0,0.001,0.3461257815361023
133,1.0,1.0,1000.0,1000.0,1.0,0.3445933759212494
134,1.0,1.0,1000.0,1000.0,1000.0,0.34701070189476013
135,1.0,1000.0,0.001,0.001,0.001,0.3223792612552643
136,1.0,1000.0,0.001,0.001,1.0,0.315818190574646
137,1.0,1000.0,0.001,0.001,1000.0,0.3344147503376007
138,1.0,1000.0,0.001,1.0,0.001,0.3397471010684967
139,1.0,1000.0,0.001,1.0,1.0,0.38848137855529785
140,1.0,1000.0,0.001,1.0,1000.0,0.4022986590862274
141,1.0,1000.0,0.001,1000.0,0.001,0.324481725692749
142,1.0,1000.0,0.001,1000.0,1.0,0.34857791662216187
143,1.0,1000.0,0.001,1000.0,1000.0,0.3362089991569519
144,1.0,1000.0,1.0,0.001,0.001,0.32055890560150146
145,1.0,1000.0,1.0,0.001,1.0,0.2798035740852356
146,1.0,1000.0,1.0,0.001,1000.0,0.32682645320892334
147,1.0,1000.0,1.0,1.0,0.001,0.2873714566230774
148,1.0,1000.0,1.0,1.0,1.0,0.37278878688812256
149,1.0,1000.0,1.0,1.0,1000.0,0.3171249032020569
150,1.0,1000.0,1.0,1000.0,0.001,0.3410581350326538
151,1.0,1000.0,1.0,1000.0,1.0,0.32709506154060364
152,1.0,1000.0,1.0,1000.0,1000.0,0.31303349137306213
153,1.0,1000.0,1000.0,0.001,0.001,0.3465138077735901
154,1.0,1000.0,1000.0,0.001,1.0,0.254248708486557
155,1.0,1000.0,1000.0,0.001,1000.0,0.3741922080516815
156,1.0,1000.0,1000.0,1.0,0.001,0.34558528661727905
157,1.0,1000.0,1000.0,1.0,1.0,0.3244391083717346
158,1.0,1000.0,1000.0,1.0,1000.0,0.3574679493904114
159,1.0,1000.0,1000.0,1000.0,0.001,0.326010525226593
160,1.0,1000.0,1000.0,1000.0,1.0,0.26521939039230347
161,1.0,1000.0,1000.0,1000.0,1000.0,0.3339492380619049
162,1000.0,0.001,0.001,0.001,0.001,0.3500472903251648
163,1000.0,0.001,0.001,0.001,1.0,0.3776753842830658
164,1000.0,0.001,0.001,0.001,1000.0,0.36866962909698486
165,1000.0,0.001,0.001,1.0,0.001,0.36426836252212524
166,1000.0,0.001,0.001,1.0,1.0,0.2750849425792694
167,1000.0,0.001,0.001,1.0,1000.0,0.33939310908317566
168,1000.0,0.001,0.001,1000.0,0.001,0.3993372321128845
169,1000.0,0.001,0.001,1000.0,1.0,0.39029616117477417
170,1000.0,0.001,0.001,1000.0,1000.0,0.38879090547561646
171,1000.0,0.001,1.0,0.001,0.001,0.36097249388694763
172,1000.0,0.001,1.0,0.001,1.0,0.33724895119667053
173,1000.0,0.001,1.0,0.001,1000.0,0.2707650065422058
174,1000.0,0.001,1.0,1.0,0.001,0.3269103169441223
175,1000.0,0.001,1.0,1.0,1.0,0.36579933762550354
176,1000.0,0.001,1.0,1.0,1000.0,0.34862998127937317
177,1000.0,0.001,1.0,1000.0,0.001,0.3399199843406677
178,1000.0,0.001,1.0,1000.0,1.0,0.33048903942108154
179,1000.0,0.001,1.0,1000.0,1000.0,0.4075615108013153
180,1000.0,0.001,1000.0,0.001,0.001,0.32106146216392517
181,1000.0,0.001,1000.0,0.001,1.0,0.36020582914352417
182,1000.0,0.001,1000.0,0.001,1000.0,0.37952521443367004
183,1000.0,0.001,1000.0,1.0,0.001,0.3555939495563507
184,1000.0,0.001,1000.0,1.0,1.0,0.271539568901062
185,1000.0,0.001,1000.0,1.0,1000.0,0.3491576910018921
186,1000.0,0.001,1000.0,1000.0,0.001,0.3563251793384552
187,1000.0,0.001,1000.0,1000.0,1.0,0.4084060490131378
188,1000.0,0.001,1000.0,1000.0,1000.0,0.356411874294281
189,1000.0,1.0,0.001,0.001,0.001,0.3384624421596527
190,1000.0,1.0,0.001,0.001,1.0,0.4229270815849304
191,1000.0,1.0,0.001,0.001,1000.0,0.33821213245391846
192,1000.0,1.0,0.001,1.0,0.001,0.3150704503059387
193,1000.0,1.0,0.001,1.0,1.0,0.2993297576904297
194,1000.0,1.0,0.001,1.0,1000.0,0.3525238633155823
195,1000.0,1.0,0.001,1000.0,0.001,0.31177181005477905
196,1000.0,1.0,0.001,1000.0,1.0,0.3609278202056885
197,1000.0,1.0,0.001,1000.0,1000.0,0.3542279899120331
198,1000.0,1.0,1.0,0.001,0.001,0.4141826927661896
199,1000.0,1.0,1.0,0.001,1.0,0.3646687865257263
200,1000.0,1.0,1.0,0.001,1000.0,0.3829105496406555
201,1000.0,1.0,1.0,1.0,0.001,0.3150961101055145
202,1000.0,1.0,1.0,1.0,1.0,0.3163412809371948
203,1000.0,1.0,1.0,1.0,1000.0,0.31069380044937134
204,1000.0,1.0,1.0,1000.0,0.001,0.2911664843559265
205,1000.0,1.0,1.0,1000.0,1.0,0.2920988202095032
206,1000.0,1.0,1.0,1000.0,1000.0,0.3315011262893677
207,1000.0,1.0,1000.0,0.001,0.001,0.37583422660827637
208,1000.0,1.0,1000.0,0.001,1.0,0.39393967390060425
209,1000.0,1.0,1000.0,0.001,1000.0,0.38850605487823486
210,1000.0,1.0,1000.0,1.0,0.001,0.36173737049102783
211,1000.0,1.0,1000.0,1.0,1.0,0.3466794192790985
212,1000.0,1.0,1000.0,1.0,1000.0,0.27765288949012756
213,1000.0,1.0,1000.0,1000.0,0.001,0.3050750195980072
214,1000.0,1.0,1000.0,1000.0,1.0,0.3542042672634125
215,1000.0,1.0,1000.0,1000.0,1000.0,0.34532299637794495
216,1000.0,1000.0,0.001,0.001,0.001,0.37818679213523865
217,1000.0,1000.0,0.001,0.001,1.0,0.41329729557037354
218,1000.0,1000.0,0.001,0.001,1000.0,0.30779796838760376
219,1000.0,1000.0,0.001,1.0,0.001,0.3857257664203644
220,1000.0,1000.0,0.001,1.0,1.0,0.28405171632766724
221,1000.0,1000.0,0.001,1.0,1000.0,0.32448235154151917
222,1000.0,1000.0,0.001,1000.0,0.001,0.3169167935848236
223,1000.0,1000.0,0.001,1000.0,1.0,0.36591994762420654
224,1000.0,1000.0,0.001,1000.0,1000.0,0.267269104719162
225,1000.0,1000.0,1.0,0.001,0.001,0.29987832903862
226,1000.0,1000.0,1.0,0.001,1.0,0.30642208456993103
227,1000.0,1000.0,1.0,0.001,1000.0,0.3339811861515045
228,1000.0,1000.0,1.0,1.0,0.001,0.2869909405708313
229,1000.0,1000.0,1.0,1.0,1.0,0.3893685042858124
230,1000.0,1000.0,1.0,1.0,1000.0,0.33651861548423767
231,1000.0,1000.0,1.0,1000.0,0.001,0.3088991641998291
232,1000.0,1000.0,1.0,1000.0,1.0,0.2513866424560547
233,1000.0,1000.0,1.0,1000.0,1000.0,0.35883426666259766
234,1000.0,1000.0,1000.0,0.001,0.001,0.3233315944671631
235,1000.0,1000.0,1000.0,0.001,1.0,0.326064795255661
236,1000.0,1000.0,1000.0,0.001,1000.0,0.3795449435710907
237,1000.0,1000.0,1000.0,1.0,0.001,0.32968685030937195
238,1000.0,1000.0,1000.0,1.0,1.0,0.3830126225948334
239,1000.0,1000.0,1000.0,1.0,1000.0,0.3215967118740082
240,1000.0,1000.0,1000.0,1000.0,0.001,0.34116798639297485
241,1000.0,1000.0,1000.0,1000.0,1.0,0.37080127000808716
242,1000.0,1000.0,1000.0,1000.0,1000.0,0.3221818804740906
