index,alpha,beta,gamma,u,v,RMSE
0,0.001,0.001,0.001,0.001,0.001,0.38663017749786377
1,0.001,0.001,0.001,0.001,1.0,nan
2,0.001,0.001,0.001,0.001,1000.0,0.37660542130470276
3,0.001,0.001,0.001,1.0,0.001,0.33929023146629333
4,0.001,0.001,0.001,1.0,1.0,0.3241084814071655
5,0.001,0.001,0.001,1.0,1000.0,0.38053029775619507
6,0.001,0.001,0.001,1000.0,0.001,0.3705250918865204
7,0.001,0.001,0.001,1000.0,1.0,0.33571338653564453
8,0.001,0.001,0.001,1000.0,1000.0,0.3856180012226105
9,0.001,0.001,1.0,0.001,0.001,0.40446358919143677
10,0.001,0.001,1.0,0.001,1.0,0.3372206389904022
11,0.001,0.001,1.0,0.001,1000.0,0.350130170583725
12,0.001,0.001,1.0,1.0,0.001,0.3265747129917145
13,0.001,0.001,1.0,1.0,1.0,0.3846246600151062
14,0.001,0.001,1.0,1.0,1000.0,0.3718365430831909
15,0.001,0.001,1.0,1000.0,0.001,0.29172593355178833
16,0.001,0.001,1.0,1000.0,1.0,0.364693820476532
17,0.001,0.001,1.0,1000.0,1000.0,0.3737212121486664
18,0.001,0.001,1000.0,0.001,0.001,0.35238274931907654
19,0.001,0.001,1000.0,0.001,1.0,nan
20,0.001,0.001,1000.0,0.001,1000.0,nan
21,0.001,0.001,1000.0,1.0,0.001,0.37546801567077637
22,0.001,0.001,1000.0,1.0,1.0,0.3830412030220032
23,0.001,0.001,1000.0,1.0,1000.0,0.363414466381073
24,0.001,0.001,1000.0,1000.0,0.001,0.34130221605300903
25,0.001,0.001,1000.0,1000.0,1.0,0.4503127634525299
26,0.001,0.001,1000.0,1000.0,1000.0,0.3737761080265045
27,0.001,1.0,0.001,0.001,0.001,0.4225371181964874
28,0.001,1.0,0.001,0.001,1.0,0.33995291590690613
29,0.001,1.0,0.001,0.001,1000.0,nan
30,0.001,1.0,0.001,1.0,0.001,0.4657699465751648
31,0.001,1.0,0.001,1.0,1.0,0.41257286071777344
32,0.001,1.0,0.001,1.0,1000.0,0.37198880314826965
33,0.001,1.0,0.001,1000.0,0.001,0.46026113629341125
34,0.001,1.0,0.001,1000.0,1.0,0.4887396991252899
35,0.001,1.0,0.001,1000.0,1000.0,0.3660322427749634
36,0.001,1.0,1.0,0.001,0.001,0.3827410340309143
37,0.001,1.0,1.0,0.001,1.0,nan
38,0.001,1.0,1.0,0.001,1000.0,0.37842532992362976
39,0.001,1.0,1.0,1.0,0.001,0.4578492343425751
40,0.001,1.0,1.0,1.0,1.0,0.43232959508895874
41,0.001,1.0,1.0,1.0,1000.0,0.37261903285980225
42,0.001,1.0,1.0,1000.0,0.001,0.4725503623485565
43,0.001,1.0,1.0,1000.0,1.0,0.4905184805393219
44,0.001,1.0,1.0,1000.0,1000.0,0.3627782166004181
45,0.001,1.0,1000.0,0.001,0.001,0.4042470157146454
46,0.001,1.0,1000.0,0.001,1.0,0.3912660777568817
47,0.001,1.0,1000.0,0.001,1000.0,0.34607914090156555
48,0.001,1.0,1000.0,1.0,0.001,0.4477985203266144
49,0.001,1.0,1000.0,1.0,1.0,0.40845349431037903
50,0.001,1.0,1000.0,1.0,1000.0,0.3606383502483368
51,0.001,1.0,1000.0,1000.0,0.001,0.4020412266254425
52,0.001,1.0,1000.0,1000.0,1.0,0.466592937707901
53,0.001,1.0,1000.0,1000.0,1000.0,0.40694740414619446
54,0.001,1000.0,0.001,0.001,0.001,0.40761834383010864
55,0.001,1000.0,0.001,0.001,1.0,nan
56,0.001,1000.0,0.001,0.001,1000.0,0.3498516082763672
57,0.001,1000.0,0.001,1.0,0.001,0.39312127232551575
58,0.001,1000.0,0.001,1.0,1.0,0.37381550669670105
59,0.001,1000.0,0.001,1.0,1000.0,nan
60,0.001,1000.0,0.001,1000.0,0.001,0.46586570143699646
61,0.001,1000.0,0.001,1000.0,1.0,0.44926977157592773
62,0.001,1000.0,0.001,1000.0,1000.0,0.38007622957229614
63,0.001,1000.0,1.0,0.001,0.001,0.33855140209198
64,0.001,1000.0,1.0,0.001,1.0,0.33768409490585327
65,0.001,1000.0,1.0,0.001,1000.0,0.361256867647171
66,0.001,1000.0,1.0,1.0,0.001,0.4506576657295227
67,0.001,1000.0,1.0,1.0,1.0,0.4004346430301666
68,0.001,1000.0,1.0,1.0,1000.0,0.3565206527709961
69,0.001,1000.0,1.0,1000.0,0.001,0.4423096179962158
70,0.001,1000.0,1.0,1000.0,1.0,0.4443148970603943
71,0.001,1000.0,1.0,1000.0,1000.0,0.3293527066707611
72,0.001,1000.0,1000.0,0.001,0.001,0.34002965688705444
73,0.001,1000.0,1000.0,0.001,1.0,0.3810420334339142
74,0.001,1000.0,1000.0,0.001,1000.0,0.4084760546684265
75,0.001,1000.0,1000.0,1.0,0.001,0.4468522369861603
76,0.001,1000.0,1000.0,1.0,1.0,nan
77,0.001,1000.0,1000.0,1.0,1000.0,0.36206796765327454
78,0.001,1000.0,1000.0,1000.0,0.001,0.42345094680786133
79,0.001,1000.0,1000.0,1000.0,1.0,0.4360508620738983
80,0.001,1000.0,1000.0,1000.0,1000.0,0.3744151294231415
81,1.0,0.001,0.001,0.001,0.001,0.4163786470890045
82,1.0,0.001,0.001,0.001,1.0,0.36636942625045776
83,1.0,0.001,0.001,0.001,1000.0,nan
84,1.0,0.001,0.001,1.0,0.001,0.3913332521915436
85,1.0,0.001,0.001,1.0,1.0,0.382011353969574
86,1.0,0.001,0.001,1.0,1000.0,0.3546835482120514
87,1.0,0.001,0.001,1000.0,0.001,0.39306482672691345
88,1.0,0.001,0.001,1000.0,1.0,0.3358711898326874
89,1.0,0.001,0.001,1000.0,1000.0,0.35603854060173035
90,1.0,0.001,1.0,0.001,0.001,0.38021087646484375
91,1.0,0.001,1.0,0.001,1.0,nan
92,1.0,0.001,1.0,0.001,1000.0,nan
93,1.0,0.001,1.0,1.0,0.001,0.3517090380191803
94,1.0,0.001,1.0,1.0,1.0,0.3788437247276306
95,1.0,0.001,1.0,1.0,1000.0,0.37091806530952454
96,1.0,0.001,1.0,1000.0,0.001,0.345069020986557
97,1.0,0.001,1.0,1000.0,1.0,0.36098936200141907
98,1.0,0.001,1.0,1000.0,1000.0,0.3508914113044739
99,1.0,0.001,1000.0,0.001,0.001,0.3707914352416992
100,1.0,0.001,1000.0,0.001,1.0,0.35491618514060974
101,1.0,0.001,1000.0,0.001,1000.0,nan
102,1.0,0.001,1000.0,1.0,0.001,0.35597318410873413
103,1.0,0.001,1000.0,1.0,1.0,0.37602490186691284
104,1.0,0.001,1000.0,1.0,1000.0,0.3587939143180847
105,1.0,0.001,1000.0,1000.0,0.001,0.4017750918865204
106,1.0,0.001,1000.0,1000.0,1.0,0.3980569839477539
107,1.0,0.001,1000.0,1000.0,1000.0,0.4069477617740631
108,1.0,1.0,0.001,0.001,0.001,0.29671117663383484
109,1.0,1.0,0.001,0.001,1.0,0.35499435663223267
110,1.0,1.0,0.001,0.001,1000.0,0.3726791441440582
111,1.0,1.0,0.001,1.0,0.001,0.3493097722530365
112,1.0,1.0,0.001,1.0,1.0,0.41306453943252563
113,1.0,1.0,0.001,1.0,1000.0,0.35667696595191956
114,1.0,1.0,0.001,1000.0,0.001,0.3591168522834778
115,1.0,1.0,0.001,1000.0,1.0,0.3994182050228119
116,1.0,1.0,0.001,1000.0,1000.0,0.3822679817676544
117,1.0,1.0,1.0,0.001,0.001,0.33349546790122986
118,1.0,1.0,1.0,0.001,1.0,0.2800457179546356
119,1.0,1.0,1.0,0.001,1000.0,0.3651037812232971
120,1.0,1.0,1.0,1.0,0.001,0.41313478350639343
121,1.0,1.0,1.0,1.0,1.0,0.35571175813674927
122,1.0,1.0,1.0,1.0,1000.0,nan
123,1.0,1.0,1.0,1000.0,0.001,0.33193475008010864
124,1.0,1.0,1.0,1000.0,1.0,0.3722281754016876
125,1.0,1.0,1.0,1000.0,1000.0,0.38533052802085876
126,1.0,1.0,1000.0,0.001,0.001,0.32064002752304077
127,1.0,1.0,1000.0,0.001,1.0,0.38694560527801514
128,1.0,1.0,1000.0,0.001,1000.0,0.3801383674144745
129,1.0,1.0,1000.0,1.0,0.001,0.39594539999961853
130,1.0,1.0,1000.0,1.0,1.0,0.40163344144821167
131,1.0,1.0,1000.0,1.0,1000.0,nan
132,1.0,1.0,1000.0,1000.0,0.001,0.3617728650569916
133,1.0,1.0,1000.0,1000.0,1.0,0.41060808300971985
134,1.0,1.0,1000.0,1000.0,1000.0,0.3598088324069977
135,1.0,1000.0,0.001,0.001,0.001,0.3230449855327606
136,1.0,1000.0,0.001,0.001,1.0,nan
137,1.0,1000.0,0.001,0.001,1000.0,nan
138,1.0,1000.0,0.001,1.0,0.001,0.4254801571369171
139,1.0,1000.0,0.001,1.0,1.0,0.39767205715179443
140,1.0,1000.0,0.001,1.0,1000.0,0.30564892292022705
141,1.0,1000.0,0.001,1000.0,0.001,0.37643498182296753
142,1.0,1000.0,0.001,1000.0,1.0,0.47291281819343567
143,1.0,1000.0,0.001,1000.0,1000.0,0.3822285830974579
144,1.0,1000.0,1.0,0.001,0.001,0.36918964982032776
145,1.0,1000.0,1.0,0.001,1.0,0.3791278600692749
146,1.0,1000.0,1.0,0.001,1000.0,nan
147,1.0,1000.0,1.0,1.0,0.001,0.4217848777770996
148,1.0,1000.0,1.0,1.0,1.0,0.3623493015766144
149,1.0,1000.0,1.0,1.0,1000.0,0.3637614846229553
150,1.0,1000.0,1.0,1000.0,0.001,0.4320424199104309
151,1.0,1000.0,1.0,1000.0,1.0,0.430964857339859
152,1.0,1000.0,1.0,1000.0,1000.0,0.3663143813610077
153,1.0,1000.0,1000.0,0.001,0.001,0.33427920937538147
154,1.0,1000.0,1000.0,0.001,1.0,0.3638836741447449
155,1.0,1000.0,1000.0,0.001,1000.0,0.3757445514202118
156,1.0,1000.0,1000.0,1.0,0.001,0.41951680183410645
157,1.0,1000.0,1000.0,1.0,1.0,0.3846137821674347
158,1.0,1000.0,1000.0,1.0,1000.0,0.3884188234806061
159,1.0,1000.0,1000.0,1000.0,0.001,0.4015122652053833
160,1.0,1000.0,1000.0,1000.0,1.0,0.47015389800071716
161,1.0,1000.0,1000.0,1000.0,1000.0,0.34733349084854126
162,1000.0,0.001,0.001,0.001,0.001,0.4334617555141449
163,1000.0,0.001,0.001,0.001,1.0,0.34687376022338867
164,1000.0,0.001,0.001,0.001,1000.0,nan
165,1000.0,0.001,0.001,1.0,0.001,0.3560851216316223
166,1000.0,0.001,0.001,1.0,1.0,0.3494540750980377
167,1000.0,0.001,0.001,1.0,1000.0,nan
168,1000.0,0.001,0.001,1000.0,0.001,0.3695656955242157
169,1000.0,0.001,0.001,1000.0,1.0,0.3480748236179352
170,1000.0,0.001,0.001,1000.0,1000.0,0.3676062822341919
171,1000.0,0.001,1.0,0.001,0.001,0.370619535446167
172,1000.0,0.001,1.0,0.001,1.0,0.36826613545417786
173,1000.0,0.001,1.0,0.001,1000.0,0.31641674041748047
174,1000.0,0.001,1.0,1.0,0.001,0.3962761163711548
175,1000.0,0.001,1.0,1.0,1.0,0.36499902606010437
176,1000.0,0.001,1.0,1.0,1000.0,0.3368413746356964
177,1000.0,0.001,1.0,1000.0,0.001,0.39080366492271423
178,1000.0,0.001,1.0,1000.0,1.0,0.3418616056442261
179,1000.0,0.001,1.0,1000.0,1000.0,0.32629701495170593
180,1000.0,0.001,1000.0,0.001,0.001,0.37538692355155945
181,1000.0,0.001,1000.0,0.001,1.0,0.35276472568511963
182,1000.0,0.001,1000.0,0.001,1000.0,nan
183,1000.0,0.001,1000.0,1.0,0.001,0.301519513130188
184,1000.0,0.001,1000.0,1.0,1.0,0.39276978373527527
185,1000.0,0.001,1000.0,1.0,1000.0,nan
186,1000.0,0.001,1000.0,1000.0,0.001,0.3022768795490265
187,1000.0,0.001,1000.0,1000.0,1.0,0.359759658575058
188,1000.0,0.001,1000.0,1000.0,1000.0,0.3806062936782837
189,1000.0,1.0,0.001,0.001,0.001,0.3579072058200836
190,1000.0,1.0,0.001,0.001,1.0,0.3567606508731842
191,1000.0,1.0,0.001,0.001,1000.0,0.35007229447364807
192,1000.0,1.0,0.001,1.0,0.001,0.39092743396759033
193,1000.0,1.0,0.001,1.0,1.0,nan
194,1000.0,1.0,0.001,1.0,1000.0,0.3583182990550995
195,1000.0,1.0,0.001,1000.0,0.001,0.4049917757511139
196,1000.0,1.0,0.001,1000.0,1.0,0.35780149698257446
197,1000.0,1.0,0.001,1000.0,1000.0,0.3589629828929901
198,1000.0,1.0,1.0,0.001,0.001,0.35450848937034607
199,1000.0,1.0,1.0,0.001,1.0,nan
200,1000.0,1.0,1.0,0.001,1000.0,nan
201,1000.0,1.0,1.0,1.0,0.001,0.3769834339618683
202,1000.0,1.0,1.0,1.0,1.0,0.4050997495651245
203,1000.0,1.0,1.0,1.0,1000.0,nan
204,1000.0,1.0,1.0,1000.0,0.001,0.42581480741500854
205,1000.0,1.0,1.0,1000.0,1.0,0.411259263753891
206,1000.0,1.0,1.0,1000.0,1000.0,0.3993038535118103
207,1000.0,1.0,1000.0,0.001,0.001,0.4160674214363098
208,1000.0,1.0,1000.0,0.001,1.0,0.3980694115161896
209,1000.0,1.0,1000.0,0.001,1000.0,nan
210,1000.0,1.0,1000.0,1.0,0.001,0.35559287667274475
211,1000.0,1.0,1000.0,1.0,1.0,0.34125596284866333
212,1000.0,1.0,1000.0,1.0,1000.0,0.3256957530975342
213,1000.0,1.0,1000.0,1000.0,0.001,0.3913465440273285
214,1000.0,1.0,1000.0,1000.0,1.0,0.3761252462863922
215,1000.0,1.0,1000.0,1000.0,1000.0,0.3906555473804474
216,1000.0,1000.0,0.001,0.001,0.001,0.38209500908851624
217,1000.0,1000.0,0.001,0.001,1.0,0.3739606440067291
218,1000.0,1000.0,0.001,0.001,1000.0,nan
219,1000.0,1000.0,0.001,1.0,0.001,0.31846505403518677
220,1000.0,1000.0,0.001,1.0,1.0,0.3987046182155609
221,1000.0,1000.0,0.001,1.0,1000.0,0.36749789118766785
222,1000.0,1000.0,0.001,1000.0,0.001,0.38479241728782654
223,1000.0,1000.0,0.001,1000.0,1.0,0.4376170039176941
224,1000.0,1000.0,0.001,1000.0,1000.0,0.36405783891677856
225,1000.0,1000.0,1.0,0.001,0.001,0.37450119853019714
226,1000.0,1000.0,1.0,0.001,1.0,0.36602598428726196
227,1000.0,1000.0,1.0,0.001,1000.0,0.39024606347084045
228,1000.0,1000.0,1.0,1.0,0.001,0.38156476616859436
229,1000.0,1000.0,1.0,1.0,1.0,0.38728228211402893
230,1000.0,1000.0,1.0,1.0,1000.0,0.35171055793762207
231,1000.0,1000.0,1.0,1000.0,0.001,0.2931457459926605
232,1000.0,1000.0,1.0,1000.0,1.0,0.33479103446006775
233,1000.0,1000.0,1.0,1000.0,1000.0,0.36416324973106384
234,1000.0,1000.0,1000.0,0.001,0.001,0.36183708906173706
235,1000.0,1000.0,1000.0,0.001,1.0,nan
236,1000.0,1000.0,1000.0,0.001,1000.0,0.33847007155418396
237,1000.0,1000.0,1000.0,1.0,0.001,0.33993688225746155
238,1000.0,1000.0,1000.0,1.0,1.0,0.37322574853897095
239,1000.0,1000.0,1000.0,1.0,1000.0,nan
240,1000.0,1000.0,1000.0,1000.0,0.001,0.3825479745864868
241,1000.0,1000.0,1000.0,1000.0,1.0,0.34990841150283813
242,1000.0,1000.0,1000.0,1000.0,1000.0,0.3754706084728241
